0.7755183413078149
0.8175067506750675
0.7305
0.8828320802005012
0.8236772095772982
0.7705702257941065
0.6278945493409334
0.8735902255639098
0.8249299719887955
0.8451199338296113
0.7565770026603607
0.6498333333333333
0.8083333333333332
0.9200951581304226
0.826
0.6608767576509512
0.8331933949062412
0.8554537392846585
0.6318333333333332
0.7693519351935194
0.8496615603847524
0.7236892460773058
0.891439205955335
0.8397871711498669
0.878
0.9394257703081232
0.7346835443037976
0.8125000000000001
0.7789739500265817
0.757748485928037
0.9154351395730707
0.8884810126582279
0.8559493670886076
0.8667866786678667
0.788928892889289
0.8426666666666667
0.7857785778577858
0.6905113804315696
0.8203793661808929
0.8027295285359801
0.8742824339839266
0.7177033492822966
0.8423583897399359
0.8233830845771145
0.6836666666666666
0.7924102564102564
0.7977667493796525
0.7853975761158734
0.5099750623441397
0.6850079744816586
