0000	-140.1	500
0001	-156.7	500
0002	-157.1	500
0003	-140.2	500
0004	-187.3	500
0005	-153.7	500
0006	-142.3	500
0007	-177.5	500
0008	-128.3	500
0009	-136.8	500
0010	-183.1	500
0011	-177.3	500
0012	-211.1	500
0013	-180.3	500
0014	-197.6	500
0015	-170.3	500
0016	-134.2	500
0017	-162.2	500
0018	-191.4	500
0019	-169.4	500
0020	-171.1	500
0021	-134.4	500
0022	-160.4	500
0023	-167.8	500
0024	-158.1	500
0025	-175.0	500
0026	-203.7	500
0027	-126.0	500
0028	-193.2	500
0029	-194.4	500
0030	-166.8	500
0031	-123.6	500
0032	-173.5	500
0033	-155.0	500
0034	-137.3	500
0035	-154.2	500
0036	-156.5	500
0037	-167.0	500
0038	-136.7	500
0039	-167.9	500
0040	-152.2	500
0041	-190.3	500
0042	-156.5	500
0043	-160.9	500
0044	-131.4	500
0045	-163.1	500
0046	-160.8	500
0047	-137.4	500
0048	-123.6	500
0049	-180.8	500
0050	-142.6	500
0051	-136.7	500
0052	-118.5	500
0053	-181.7	500
0054	-185.3	500
0055	-181.4	500
0056	-154.9	500
0057	-135.9	500
0058	-131.2	500
0059	-192.8	500
0060	-166.5	500
0061	-129.0	500
0062	-116.5	500
0063	-154.2	500
0064	-152.2	500
0065	-140.3	500
0066	-161.4	500
0067	-173.5	500
0068	-170.6	500
0069	-182.0	500
0070	-175.9	500
0071	-128.5	500
0072	-172.4	500
0073	-145.6	500
0074	-121.0	500
0075	-154.7	500
0076	-175.5	500
0077	-145.1	500
0078	-162.0	500
0079	-154.5	500
0080	-186.6	500
0081	-148.0	500
0082	-179.0	500
0083	-197.1	500
0084	-192.8	500
0085	-152.7	500
0086	-187.3	500
0087	-172.8	500
0088	-132.1	500
0089	-140.4	500
0090	-187.1	500
0091	-165.1	500
0092	-226.0	500
0093	-154.5	500
0094	-188.5	500
0095	-174.7	500
0096	-176.1	500
0097	-154.5	500
0098	-195.6	500
0099	-130.0	500
0100	-148.4	500
0101	-128.7	500
0102	-122.7	500
0103	-146.5	500
0104	-174.3	500
0105	-134.9	500
0106	-140.0	500
0107	-137.2	500
0108	-188.3	500
0109	-161.6	500
0110	-148.0	500
0111	-104.3	500
0112	-145.7	500
0113	-159.7	500
0114	-158.0	500
0115	-183.2	500
0116	-144.8	500
0117	-172.6	500
0118	-163.8	500
0119	-132.4	500
0120	-174.5	500
0121	-126.2	500
0122	-147.6	500
0123	-169.2	500
0124	-141.8	500
0125	-201.6	500
0126	-163.7	500
0127	-153.5	500
0128	-149.9	500
0129	-164.9	500
0130	-183.2	500
0131	-166.4	500
0132	-168.5	500
0133	-179.3	500
0134	-169.4	500
0135	-126.2	500
0136	-172.0	500
0137	-177.3	500
0138	-158.0	500
0139	-166.3	500
0140	-182.7	500
0141	-157.2	500
0142	-128.7	500
0143	-146.4	500
0144	-150.5	500
0145	-202.8	500
0146	-189.6	500
0147	-134.4	500
0148	-138.9	500
0149	-149.2	500
0150	-138.0	500
0151	-165.2	500
0152	-108.0	500
0153	-144.0	500
0154	-166.6	500
0155	-111.5	500
0156	-162.5	500
0157	-150.7	500
0158	-181.5	500
0159	-148.8	500
0160	-132.0	500
0161	-151.7	500
0162	-124.6	500
0163	-136.8	500
0164	-135.2	500
0165	-173.5	500
0166	-170.9	500
0167	-174.5	500
0168	-165.5	500
0169	-131.1	500
0170	-141.0	500
0171	-170.8	500
0172	-140.4	500
0173	-180.8	500
0174	-167.9	500
0175	-123.1	500
0176	-165.2	500
0177	-160.0	500
0178	-135.3	500
0179	-175.8	500
0180	-167.9	500
0181	-166.1	500
0182	-201.0	500
0183	-174.8	500
0184	-161.3	500
0185	-157.5	500
0186	-188.8	500
0187	-179.6	500
0188	-153.7	500
0189	-172.4	500
0190	-147.5	500
0191	-132.3	500
0192	-166.7	500
0193	-140.2	500
0194	-131.0	500
0195	-166.8	500
0196	-130.7	500
0197	-175.5	500
0198	-162.5	500
0199	-167.4	500
0200	-191.5	500
0201	-180.1	500
0202	-165.84	500
0203	-123.2	500
0204	-184.2	500
0205	-184.5	500
0206	-160.1	500
0207	-104.2	500
0208	-181.9	500
0209	-131.6	500
0210	-168.0	500
0211	-139.2	500
0212	-100.6	500
0213	-133.9	500
0214	-168.5	500
0215	-181.2	500
0216	-146.0	500
0217	-169.0	500
0218	-98.5	500
0219	-119.8	500
0220	-202.2	500
0221	-181.7	500
0222	-204.1	500
0223	-156.1	500
0224	-143.5	500
0225	-154.0	500
0226	-105.5	500
0227	-103.7	500
0228	-163.8	500
0229	-165.4	500
0230	-180.8	500
0231	-129.0	500
0232	-150.4	500
0233	-107.0	500
0234	-140.3	500
0235	-150.1	500
0236	-127.2	500
0237	-175.4	500
0238	-159.8	500
0239	-155.8	500
0240	-165.8	500
0241	-149.1	500
0242	-149.2	500
0243	-182.9	500
0244	-159.9	500
0245	-135.2	500
0246	-190.6	500
0247	-143.0	500
0248	-184.6	500
0249	-138.3	500
0250	-148.0	500
0251	-141.9	500
0252	-167.7	500
0253	-164.3	500
0254	-165.8	500
0255	-92.0	500
0256	-144.8	500
0257	-195.4	500
0258	-195.2	500
0259	-139.2	500
0260	-111.6	500
0261	-169.8	500
0262	-158.1	500
0263	-159.4	500
0264	-134.0	500
0265	-116.3	500
0266	-197.4	500
0267	-147.9	500
0268	-170.6	500
0269	-160.3	500
0270	-98.7	500
0271	-149.6	500
0272	-200.7	500
0273	-179.1	500
0274	-89.8	500
0275	-169.6	500
0276	-133.0	500
0277	-172.8	500
0278	-178.3	500
0279	-120.4	500
0280	-151.5	500
0281	-165.0	500
0282	-143.1	500
0283	-145.3	500
0284	-143.8	500
0285	-169.5	500
0286	-181.5	500
0287	-115.4	500
0288	-165.0	500
0289	-191.2	500
0290	-133.6	500
0291	-132.5	500
0292	-157.1	500
0293	-138.9	500
0294	-182.2	500
0295	-124.7	500
0296	-185.7	500
0297	-154.9	500
0298	-137.7	500
0299	-182.4	500
0300	-157.2	500
0301	-154.2	500
0302	-143.7	500
0303	-179.2	500
0304	-205.1	500
0305	-175.9	500
0306	-209.9	500
0307	-185.0	500
0308	-167.5	500
0309	-139.4	500
0310	-168.0	500
0311	-177.5	500
0312	-167.3	500
0313	-103.8	500
0314	-167.3	500
0315	-132.9	500
0316	-172.8	500
0317	-138.8	500
0318	-160.5	500
0319	-110.8	500
0320	-133.1	500
0321	-171.9	500
0322	-144.3	500
0323	-168.8	500
0324	-126.5	500
0325	-173.7	500
0326	-165.5	500
0327	-168.9	500
0328	-158.0	500
0329	-138.3	500
0330	-182.7	500
0331	-133.4	500
0332	-172.6	500
0333	-162.5	500
0334	-181.8	500
0335	-153.3	500
0336	-184.2	500
0337	-160.2	500
0338	-120.6	500
0339	-162.0	500
0340	-164.2	500
0341	-177.6	500
0342	-185.2	500
0343	-153.7	500
0344	-173.4	500
0345	-134.8	500
0346	-157.5	500
0347	-175.2	500
0348	-163.4	500
0349	-195.5	500
0350	-161.2	500
0351	-196.8	500
0352	-158.9	500
0353	-193.6	500
0354	-195.7	500
0355	-158.4	500
0356	-203.5	500
0357	-156.5	500
0358	-124.8	500
0359	-150.9	500
0360	-168.4	500
0361	-167.9	500
0362	-130.8	500
0363	-147.2	500
0364	-158.0	500
0365	-156.4	500
0366	-186.0	500
0367	-161.8	500
0368	-194.6	500
0369	-105.7	500
0370	-186.8	500
0371	-170.6	500
0372	-97.5	500
0373	-159.6	500
0374	-178.0	500
0375	-124.3	500
0376	-131.7	500
0377	-180.1	500
0378	-198.1	500
0379	-142.4	500
0380	-129.4	500
0381	-156.3	500
0382	-148.6	500
0383	-109.3	500
0384	-140.0	500
0385	-170.9	500
0386	-153.2	500
0387	-169.5	500
0388	-179.8	500
0389	-117.2	500
0390	-173.7	500
0391	-164.6	500
0392	-163.9	500
0393	-129.0	500
0394	-156.2	500
0395	-167.7	500
0396	-173.1	500
0397	-141.6	500
0398	-190.4	500
0399	-120.5	500
0400	-146.0	500
0401	-163.0	500
0402	-153.4	500
0403	-175.1	500
0404	-193.2	500
0405	-169.6	500
0406	-152.9	500
0407	-153.6	500
0408	-170.0	500
0409	-124.3	500
0410	-188.3	500
0411	-129.7	500
0412	-163.1	500
0413	-89.9	500
0414	-173.4	500
0415	-148.6	500
0416	-162.0	500
0417	-176.5	500
0418	-153.0	500
0419	-170.9	500
0420	-177.0	500
0421	-126.1	500
0422	-164.7	500
0423	-161.1	500
0424	-155.3	500
0425	-165.7	500
0426	-194.6	500
0427	-141.3	500
0428	-154.8	500
0429	-160.6	500
0430	-184.3	500
0431	-136.2	500
0432	-212.1	500
0433	-187.4	500
0434	-155.5	500
0435	-140.6	500
0436	-178.1	500
0437	-131.5	500
0438	-180.9	500
0439	-160.2	500
0440	-144.6	500
0441	-159.8	500
0442	-156.1	500
0443	-157.1	500
0444	-175.2	500
0445	-131.6	500
0446	-157.8	500
0447	-166.0	500
0448	-176.6	500
0449	-193.5	500
0450	-160.3	500
0451	-154.9	500
0452	-193.3	500
0453	-119.7	500
0454	-115.4	500
0455	-162.1	500
0456	-137.7	500
0457	-186.9	500
0458	-157.5	500
0459	-178.4	500
0460	-154.4	500
0461	-147.5	500
0462	-141.2	500
0463	-174.4	500
0464	-168.2	500
0465	-152.1	500
0466	-179.2	500
0467	-156.0	500
0468	-188.6	500
0469	-161.0	500
0470	-166.5	500
0471	-153.1	500
0472	-112.0	500
0473	-140.1	500
0474	-91.8	500
0475	-149.7	500
0476	-201.1	500
0477	-165.6	500
0478	-157.7	500
0479	-159.1	500
0480	-186.0	500
0481	-205.8	500
0482	-138.6	500
0483	-157.2	500
0484	-177.6	500
0485	-196.9	500
0486	-209.7	500
0487	-136.2	500
0488	-175.3	500
0489	-168.8	500
0490	-157.6	500
0491	-133.8	500
0492	-170.1	500
0493	-113.0	500
0494	-280.7	500
0495	-153.3	500
0496	-156.9	500
0497	-116.4	500
0498	-121.7	500
0499	-120.8	500
0500	-197.5	500
0501	-106.4	500
0502	-120.07	500
0503	-171.9	500
0504	-179.2	500
0505	-202.7	500
0506	-168.4	500
0507	-185.9	500
0508	-171.8	500
0509	-170.1	500
0510	-209.8	500
0511	-171.2	500
0512	-181.2	500
0513	-157.7	500
0514	-136.8	500
0515	-173.0	500
0516	-106.5	500
0517	-132.9	500
0518	-127.5	500
0519	-104.8	500
0520	-169.8	500
0521	-154.4	500
0522	-161.8	500
0523	-148.2	500
0524	-163.1	500
0525	-156.1	500
0526	-114.6	500
0527	-160.3	500
0528	-217.9	500
0529	-199.0	500
0530	-194.0	500
0531	-174.1	500
0532	-163.0	500
0533	-184.7	500
0534	-192.7	500
0535	-157.3	500
0536	-211.2	500
0537	-174.2	500
0538	-164.3	500
0539	-161.2	500
0540	-132.1	500
0541	-150.5	500
0542	-121.0	500
0543	-115.5	500
0544	-174.0	500
0545	-168.5	500
0546	-167.3	500
0547	-171.7	500
0548	-170.6	500
0549	-135.7	500
0550	-171.8	500
0551	-176.3	500
0552	-157.7	500
0553	-123.9	500
0554	-153.6	500
0555	-130.5	500
0556	-167.5	500
0557	-138.6	500
0558	-160.7	500
0559	-145.3	500
0560	-196.7	500
0561	-202.5	500
0562	-189.9	500
0563	-170.2	500
0564	-156.1	500
0565	-187.4	500
0566	-145.7	500
0567	-124.6	500
0568	-113.0	500
0569	-183.1	500
0570	-159.2	500
0571	-157.6	500
0572	-150.6	500
0573	-185.7	500
0574	-149.9	500
0575	-123.0	500
0576	-147.2	500
0577	-203.3	500
0578	-120.4	500
0579	-182.7	500
0580	-135.0	500
0581	-203.1	500
0582	-165.0	500
0583	-160.2	500
0584	-150.6	500
0585	-162.1	500
0586	-184.1	500
0587	-215.9	500
0588	-151.4	500
0589	-138.6	500
0590	-122.9	500
0591	-198.3	500
0592	-185.4	500
0593	-159.4	500
0594	-171.6	500
0595	-101.3	500
0596	-144.9	500
0597	-136.9	500
0598	-145.1	500
0599	-154.3	500
0600	-178.0	500
0601	-163.6	500
0602	-208.1	500
0603	-140.8	500
0604	-155.4	500
0605	-205.9	500
0606	-117.2	500
0607	-168.3	500
0608	-147.9	500
0609	-152.5	500
0610	-167.6	500
0611	-195.0	500
0612	-119.6	500
0613	-150.1	500
0614	-147.9	500
0615	-163.5	500
0616	-184.9	500
0617	-159.1	500
0618	-108.0	500
0619	-173.0	500
0620	-120.8	500
0621	-121.0	500
0622	-163.3	500
0623	-148.6	500
0624	-218.2	500
0625	-136.4	500
0626	-185.9	500
0627	-165.9	500
0628	-173.1	500
0629	-75.9	500
0630	-141.3	500
0631	-205.5	500
0632	-133.2	500
0633	-142.9	500
0634	-220.9	500
0635	-190.4	500
0636	-179.0	500
0637	-165.2	500
0638	-152.9	500
0639	-148.1	500
0640	-160.2	500
0641	-168.8	500
0642	-180.4	500
0643	-136.8	500
0644	-174.5	500
0645	-136.0	500
0646	-158.6	500
0647	-151.8	500
0648	-155.9	500
0649	-140.6	500
0650	-201.1	500
0651	-120.5	500
0652	-136.7	500
0653	-145.3	500
0654	-150.7	500
0655	-161.1	500
0656	-157.9	500
0657	-136.6	500
0658	-186.0	500
0659	-163.9	500
0660	-183.3	500
0661	-124.8	500
0662	-141.8	500
0663	-142.6	500
0664	-200.3	500
0665	-103.9	500
0666	-158.4	500
0667	-162.7	500
0668	-186.9	500
0669	-194.4	500
0670	-189.6	500
0671	-109.3	500
0672	-179.7	500
0673	-181.8	500
0674	-160.7	500
0675	-173.6	500
0676	-129.5	500
0677	-196.5	500
0678	-218.2	500
0679	-176.5	500
0680	-137.5	500
0681	-138.1	500
0682	-175.4	500
0683	-169.6	500
0684	-173.6	500
0685	-184.4	500
0686	-169.6	500
0687	-154.5	500
0688	-176.8	500
0689	-183.9	500
0690	-160.6	500
0691	-98.1	500
0692	-190.8	500
0693	-128.2	500
0694	-146.1	500
0695	-138.8	500
0696	-191.0	500
0697	-175.7	500
0698	-173.5	500
0699	-138.9	500
0700	-184.9	500
0701	-136.7	500
0702	-199.7	500
0703	-132.6	500
0704	-173.0	500
0705	-144.9	500
0706	-148.5	500
0707	-139.3	500
0708	-160.5	500
0709	-164.4	500
0710	-172.1	500
0711	-102.6	500
0712	-119.5	500
0713	-162.0	500
0714	-135.2	500
0715	-171.8	500
0716	-112.6	500
0717	-114.1	500
0718	-167.4	500
0719	-165.7	500
0720	-192.2	500
0721	-110.1	500
0722	-139.6	500
0723	-164.8	500
0724	-164.7	500
0725	-158.0	500
0726	-110.7	500
0727	-173.0	500
0728	-185.1	500
0729	-179.0	500
0730	-199.8	500
0731	-212.1	500
0732	-167.6	500
0733	-143.1	500
0734	-204.6	500
0735	-107.4	500
0736	-185.8	500
0737	-156.8	500
0738	-138.7	500
0739	-84.2	500
0740	-146.2	500
0741	-158.3	500
0742	-116.3	500
0743	-135.5	500
0744	-173.8	500
0745	-202.3	500
0746	-190.5	500
0747	-158.5	500
0748	-168.6	500
0749	-157.1	500
0750	-150.0	500
0751	-125.2	500
0752	-142.9	500
0753	-105.3	500
0754	-174.4	500
0755	-196.4	500
0756	-152.7	500
0757	-181.7	500
0758	-129.8	500
0759	-154.4	500
0760	-163.1	500
0761	-138.7	500
0762	-191.1	500
0763	-203.1	500
0764	-151.5	500
0765	-168.7	500
0766	-141.7	500
0767	-149.5	500
0768	-114.7	500
0769	-140.6	500
0770	-166.1	500
0771	-145.6	500
0772	-167.6	500
0773	-183.7	500
0774	-146.0	500
0775	-102.1	500
0776	-201.9	500
0777	-121.4	500
0778	-175.9	500
0779	-142.5	500
0780	-106.6	500
0781	-191.2	500
0782	-168.2	500
0783	-143.1	500
0784	-169.6	500
0785	-186.2	500
0786	-107.0	500
0787	-179.6	500
0788	-170.1	500
0789	-187.2	500
0790	-131.7	500
0791	-167.2	500
0792	-179.8	500
0793	-163.5	500
0794	-203.7	500
0795	-140.0	500
0796	-207.3	500
0797	-174.9	500
0798	-198.4	500
0799	-193.7	500
0800	-181.8	500
0801	-175.0	500
0802	-154.4	500
0803	-187.6	500
0804	-149.4	500
0805	-183.1	500
0806	-168.6	500
0807	-167.1	500
0808	-165.0	500
0809	-225.0	500
0810	-178.2	500
0811	-187.2	500
0812	-110.4	500
0813	-181.7	500
0814	-146.9	500
0815	-134.2	500
0816	-111.0	500
0817	-177.9	500
0818	-132.4	500
0819	-148.9	500
0820	-136.7	500
0821	-139.6	500
0822	-171.4	500
0823	-188.0	500
0824	-185.2	500
0825	-168.0	500
0826	-166.5	500
0827	-146.4	500
0828	-154.4	500
0829	-183.8	500
0830	-140.0	500
0831	-169.4	500
0832	-155.0	500
0833	-180.0	500
0834	-166.7	500
0835	-148.2	500
0836	-179.4	500
0837	-157.6	500
0838	-93.6	500
0839	-189.8	500
0840	-138.8	500
0841	-189.3	500
0842	-113.6	500
0843	-157.9	500
0844	-167.9	500
0845	-189.2	500
0846	-166.3	500
0847	-168.3	500
0848	-157.8	500
0849	-139.1	500
0850	-194.2	500
0851	-176.6	500
0852	-137.7	500
0853	-173.6	500
0854	-157.2	500
0855	-156.7	500
0856	-153.8	500
0857	-171.6	500
0858	-184.6	500
0859	-149.5	500
0860	-151.6	500
0861	-131.3	500
0862	-119.19	500
0863	-164.9	500
0864	-190.5	500
0865	-137.8	500
0866	-182.0	500
0867	-161.3	500
0868	-180.0	500
0869	-103.7	500
0870	-190.5	500
0871	-201.0	500
0872	-170.9	500
0873	-123.2	500
0874	-168.8	500
0875	-156.3	500
0876	-155.0	500
0877	-171.7	500
0878	-118.2	500
0879	-135.0	500
0880	-180.9	500
0881	-157.9	500
0882	-195.6	500
0883	-156.5	500
0884	-175.7	500
0885	-140.9	500
0886	-139.6	500
0887	-139.8	500
0888	-196.5	500
0889	-143.7	500
0890	-158.7	500
0891	-166.9	500
0892	-117.3	500
0893	-124.9	500
0894	-157.8	500
0895	-157.5	500
0896	-158.6	500
0897	-126.1	500
0898	-175.4	500
0899	-192.4	500
0900	-141.5	500
0901	-141.8	500
0902	-174.2	500
0903	-130.2	500
0904	-153.3	500
0905	-169.0	500
0906	-149.1	500
0907	-187.3	500
0908	-130.1	500
0909	-197.2	500
0910	-166.6	500
0911	-201.2	500
0912	-161.7	500
0913	-163.4	500
0914	-200.1	500
0915	-138.5	500
0916	-176.9	500
0917	-175.7	500
0918	-176.0	500
0919	-136.7	500
0920	-177.5	500
0921	-176.2	500
0922	-171.5	500
0923	-173.0	500
0924	-174.7	500
0925	-203.8	500
0926	-120.8	500
0927	-175.1	500
0928	-165.1	500
0929	-195.6	500
0930	-163.8	500
0931	-182.8	500
0932	-164.1	500
0933	-83.9	500
0934	-176.6	500
0935	-123.2	500
0936	-165.9	500
0937	-173.4	500
0938	-169.7	500
0939	-179.5	500
0940	-140.0	500
0941	-180.4	500
0942	-112.8	500
0943	-174.8	500
0944	-201.7	500
0945	-157.4	500
0946	-177.6	500
0947	-174.9	500
0948	-133.8	500
0949	-141.6	500
0950	-169.2	500
0951	-192.8	500
0952	-160.6	500
0953	-123.8	500
0954	-133.7	500
0955	-154.3	500
0956	-130.0	500
0957	-183.8	500
0958	-150.6	500
0959	-171.2	500
0960	-130.3	500
0961	-156.5	500
0962	-185.3	500
0963	-117.9	500
0964	-171.9	500
0965	-158.4	500
0966	-172.2	500
0967	-194.9	500
0968	-135.4	500
0969	-186.0	500
0970	-135.3	500
0971	-176.7	500
0972	-181.1	500
0973	-154.3	500
0974	-145.7	500
0975	-171.3	500
0976	-156.0	500
0977	-198.9	500
0978	-164.6	500
0979	-134.9	500
0980	-187.1	500
0981	-179.6	500
0982	-170.4	500
0983	-150.3	500
0984	-129.9	500
0985	-152.8	500
0986	-194.1	500
0987	-182.6	500
0988	-162.4	500
0989	-135.0	500
0990	-206.8	500
0991	-132.3	500
0992	-145.3	500
0993	-196.3	500
0994	-136.3	500
0995	-186.4	500
0996	-161.7	500
0997	-128.9	500
0998	-162.2	500
0999	-137.3	500
1000	-166.4	500
1001	-148.9	500
1002	-158.9	500
1003	-126.1	500
1004	-162.0	500
1005	-153.7	500
1006	-141.8	500
1007	-162.3	500
1008	-148.6	500
1009	-149.7	500
1010	-114.8	500
1011	-93.2	500
1012	-166.1	500
1013	-148.1	500
1014	-147.2	500
1015	-176.0	500
1016	-138.1	500
1017	-150.2	500
1018	-118.2	500
1019	-168.0	500
1020	-191.1	500
1021	-155.0	500
1022	-128.4	500
1023	-146.3	500
1024	-194.6	500
1025	-137.4	500
1026	-158.9	500
1027	-165.6	500
1028	-152.8	500
1029	-160.7	500
1030	-101.6	500
1031	-195.2	500
1032	-124.9	500
1033	-206.2	500
1034	-173.7	500
1035	-144.0	500
1036	-143.7	500
1037	-176.2	500
1038	-189.8	500
1039	-180.3	500
1040	-163.5	500
1041	-97.8	500
1042	-179.4	500
1043	-152.1	500
1044	-174.1	500
1045	-182.3	500
1046	-190.8	500
1047	-146.4	500
1048	-179.1	500
1049	-176.4	500
1050	-190.9	500
1051	-131.1	500
1052	-108.4	500
1053	-152.4	500
1054	-136.3	500
1055	-129.1	500
1056	-140.2	500
1057	-150.6	500
1058	-174.8	500
1059	-132.4	500
1060	-171.7	500
1061	-133.5	500
1062	-160.7	500
1063	-185.9	500
1064	-149.8	500
1065	-169.4	500
1066	-153.9	500
1067	-153.3	500
1068	-163.8	500
1069	-99.3	500
1070	-154.2	500
1071	-172.8	500
1072	-172.7	500
1073	-130.4	500
1074	-145.6	500
1075	-162.1	500
1076	-112.8	500
1077	-176.9	500
1078	-147.1	500
1079	-164.5	500
1080	-161.5	500
1081	-182.9	500
1082	-176.2	500
1083	-159.3	500
1084	-138.5	500
1085	-183.2	500
1086	-143.2	500
1087	-152.4	500
1088	-156.3	500
1089	-173.1	500
1090	-158.9	500
1091	-178.5	500
1092	-156.9	500
1093	-184.7	500
1094	-190.8	500
1095	-174.5	500
1096	-161.8	500
1097	-172.9	500
1098	-144.5	500
1099	-90.8	500
1100	-121.8	500
1101	-162.4	500
1102	-95.8	500
1103	-179.8	500
1104	-134.5	500
1105	-141.9	500
1106	-149.0	500
1107	-159.0	500
1108	-176.2	500
1109	-112.5	500
1110	-134.84	500
1111	-182.1	500
1112	-160.6	500
1113	-156.0	500
1114	-175.7	500
1115	-157.1	500
1116	-140.0	500
1117	-146.5	500
1118	-158.6	500
1119	-120.8	500
1120	-129.3	500
1121	-146.9	500
1122	-173.8	500
1123	-128.4	500
1124	-115.65	500
1125	-164.9	500
1126	-162.6	500
1127	-182.0	500
1128	-135.5	500
1129	-133.4	500
1130	-150.5	500
1131	-110.3	500
1132	-163.7	500
1133	-157.2	500
1134	-129.3	500
1135	-158.9	500
1136	-158.2	500
1137	-157.2	500
1138	-101.1	500
1139	-102.9	500
1140	-98.2	500
1141	-141.8	500
1142	-163.3	500
1143	-195.3	500
1144	-123.7	500
1145	-161.9	500
1146	-145.4	500
1147	-159.4	500
1148	-142.5	500
1149	-101.8	500
1150	-182.3	500
1151	-164.2	500
1152	-133.3	500
1153	-142.6	500
1154	-181.2	500
1155	-95.9	500
1156	-177.8	500
1157	-154.2	500
1158	-161.9	500
1159	-160.0	500
1160	-167.1	500
1161	-130.5	500
1162	-174.8	500
1163	-150.3	500
1164	-154.0	500
1165	-166.2	500
1166	-163.5	500
1167	-171.9	500
1168	-169.6	500
1169	-139.1	500
1170	-161.0	500
1171	-170.7	500
1172	-150.4	500
1173	-122.9	500
1174	-181.8	500
1175	-122.6	500
1176	-147.1	500
1177	-130.6	500
1178	-164.0	500
1179	-169.3	500
1180	-174.0	500
1181	-178.7	500
1182	-168.3	500
1183	-188.3	500
1184	-149.1	500
1185	-169.8	500
1186	-175.7	500
1187	-186.1	500
1188	-124.4	500
1189	-155.5	500
1190	-141.2	500
1191	-174.2	500
1192	-140.0	500
1193	-193.8	500
1194	-152.9	500
1195	-140.8	500
1196	-125.1	500
1197	-153.1	500
1198	-150.5	500
1199	-160.1	500
1200	-147.6	500
1201	-145.0	500
1202	-132.3	500
1203	-136.4	500
1204	-152.2	500
1205	-139.1	500
1206	-176.5	500
1207	-94.6	500
1208	-151.5	500
1209	-148.6	500
1210	-135.6	500
1211	-111.2	500
1212	-168.9	500
1213	-156.3	500
1214	-146.3	500
1215	-170.1	500
1216	-167.6	500
1217	-167.1	500
1218	-181.1	500
1219	-162.6	500
1220	-156.7	500
1221	-148.4	500
1222	-159.9	500
1223	-176.7	500
1224	-151.2	500
1225	-110.8	500
1226	-170.3	500
1227	-183.8	500
1228	-174.7	500
1229	-178.0	500
1230	-174.7	500
1231	-182.7	500
1232	-116.8	500
1233	-136.6	500
1234	-155.4	500
1235	-154.7	500
1236	-145.6	500
1237	-139.0	500
1238	-137.7	500
1239	-130.9	500
1240	-128.1	500
1241	-135.2	500
1242	-166.4	500
1243	-176.1	500
1244	-155.5	500
1245	-158.6	500
1246	-135.6	500
1247	-117.8	500
1248	-96.7	500
1249	-169.3	500
1250	-184.4	500
1251	-210.4	500
1252	-127.7	500
1253	-113.7	500
1254	-87.9	500
1255	-173.6	500
1256	-162.9	500
1257	-133.7	500
1258	-188.1	500
1259	-156.3	500
1260	-147.8	500
1261	-153.9	500
1262	-185.3	500
1263	-224.6	500
1264	-174.3	500
1265	-146.7	500
1266	-142.6	500
1267	-159.1	500
1268	-147.4	500
1269	-143.4	500
1270	-120.6	500
1271	-175.3	500
1272	-156.8	500
1273	-137.5	500
1274	-184.4	500
1275	-149.3	500
1276	-158.7	500
1277	-146.5	500
1278	-156.8	500
1279	-168.2	500
1280	-162.1	500
1281	-155.5	500
1282	-147.5	500
1283	-138.5	500
1284	-161.1	500
1285	-180.0	500
1286	-176.3	500
1287	-139.7	500
1288	-137.0	500
1289	-151.3	500
1290	-173.2	500
1291	-92.6	500
1292	-151.2	500
1293	-183.9	500
1294	-189.8	500
1295	-144.1	500
1296	-114.0	500
1297	-99.0	500
1298	-170.4	500
1299	-192.4	500
1300	-87.1	500
1301	-186.7	500
1302	-134.2	500
1303	-180.2	500
1304	-193.5	500
1305	-163.2	500
1306	-163.0	500
1307	-196.4	500
1308	-154.5	500
1309	-172.6	500
1310	-219.2	500
1311	-177.3	500
1312	-108.5	500
1313	-137.5	500
1314	-189.2	500
1315	-159.3	500
1316	-163.5	500
1317	-128.3	500
1318	-142.7	500
1319	-189.6	500
1320	-173.1	500
1321	-175.9	500
1322	-205.0	500
1323	-179.0	500
1324	-168.1	500
1325	-167.3	500
1326	-162.0	500
1327	-207.3	500
1328	-160.6	500
1329	-172.7	500
1330	-152.7	500
1331	-185.0	500
1332	-117.4	500
1333	-177.1	500
1334	-151.6	500
1335	-174.1	500
1336	-165.2	500
1337	-146.2	500
1338	-172.8	500
1339	-132.8	500
1340	-164.2	500
1341	-151.2	500
1342	-127.7	500
1343	-141.9	500
1344	-168.1	500
1345	-183.4	500
1346	-125.4	500
1347	-124.6	500
1348	-154.8	500
1349	-185.2	500
1350	-161.7	500
1351	-142.1	500
1352	-166.5	500
1353	-184.1	500
1354	-140.3	500
1355	-108.3	500
1356	-164.1	500
1357	-176.5	500
1358	-117.3	500
1359	-141.4	500
1360	-164.6	500
1361	-162.4	500
1362	-172.9	500
1363	-146.5	500
1364	-161.5	500
1365	-93.0	500
1366	-126.9	500
1367	-169.4	500
1368	-210.1	500
1369	-177.5	500
1370	-119.9	500
1371	-130.8	500
1372	-133.0	500
1373	-194.0	500
1374	-139.3	500
1375	-133.8	500
1376	-174.7	500
1377	-146.8	500
1378	-126.8	500
1379	-182.0	500
1380	-160.1	500
1381	-137.6	500
1382	-132.3	500
1383	-169.6	500
1384	-159.3	500
1385	-138.1	500
1386	-193.7	500
1387	-158.2	500
1388	-167.4	500
1389	-166.9	500
1390	-153.6	500
1391	-182.2	500
1392	-141.7	500
1393	-152.6	500
1394	-142.4	500
1395	-156.8	500
1396	-196.5	500
1397	-147.1	500
1398	-157.4	500
1399	-177.0	500
1400	-194.5	500
1401	-157.2	500
1402	-183.0	500
1403	-145.6	500
1404	-143.4	500
1405	-161.2	500
1406	-153.5	500
1407	-180.3	500
1408	-90.4	500
1409	-136.5	500
1410	-181.9	500
1411	-137.8	500
1412	-154.9	500
1413	-114.7	500
1414	-152.7	500
1415	-141.2	500
1416	-179.0	500
1417	-147.2	500
1418	-126.2	500
1419	-180.9	500
1420	-175.7	500
1421	-180.1	500
1422	-178.5	500
1423	-152.0	500
1424	-161.3	500
1425	-174.3	500
1426	-164.0	500
1427	-194.2	500
1428	-159.5	500
1429	-151.9	500
1430	-148.5	500
1431	-141.6	500
1432	-172.7	500
1433	-146.2	500
1434	-162.1	500
1435	-116.2	500
1436	-148.4	500
1437	-172.5	500
1438	-137.5	500
1439	-170.4	500
1440	-211.4	500
1441	-143.7	500
1442	-154.0	500
1443	-144.5	500
1444	-133.8	500
1445	-146.9	500
1446	-157.6	500
1447	-162.9	500
1448	-185.0	500
1449	-156.4	500
1450	-175.6	500
1451	-108.9	500
1452	-163.1	500
1453	-188.5	500
1454	-123.8	500
1455	-167.1	500
1456	-152.4	500
1457	-170.0	500
1458	-157.3	500
1459	-135.2	500
1460	-139.7	500
1461	-182.3	500
1462	-164.3	500
1463	-88.8	500
1464	-150.0	500
1465	-136.6	500
1466	-148.1	500
1467	-174.5	500
1468	-121.0	500
1469	-167.8	500
1470	-188.0	500
1471	-153.1	500
1472	-163.6	500
1473	-161.7	500
1474	-98.07	500
1475	-113.9	500
1476	-143.7	500
1477	-98.7	500
1478	-193.0	500
1479	-173.0	500
1480	-139.1	500
1481	-135.2	500
1482	-144.2	500
1483	-157.0	500
1484	-114.0	500
1485	-183.8	500
1486	-146.9	500
1487	-177.5	500
1488	-147.6	500
1489	-159.7	500
1490	-197.8	500
1491	-147.4	500
1492	-159.1	500
1493	-165.0	500
1494	-200.9	500
1495	-155.5	500
1496	-110.6	500
1497	-163.0	500
1498	-180.8	500
1499	-172.9	500
1500	-79.9	500
1501	-155.6	500
1502	-169.6	500
1503	-167.7	500
1504	-163.2	500
1505	-126.0	500
1506	-163.8	500
1507	-142.2	500
1508	-122.9	500
1509	-169.9	500
1510	-142.7	500
1511	-148.3	500
1512	-152.0	500
1513	-160.7	500
1514	-135.8	500
1515	-173.6	500
1516	-165.4	500
1517	-186.7	500
1518	-193.4	500
1519	-105.0	500
1520	-170.8	500
1521	-193.4	500
1522	-144.7	500
1523	-134.5	500
1524	-169.7	500
1525	-152.9	500
1526	-145.9	500
1527	-144.9	500
1528	-142.0	500
1529	-155.4	500
1530	-153.0	500
1531	-151.8	500
1532	-123.8	500
1533	-141.7	500
1534	-167.0	500
1535	-198.0	500
1536	-149.1	500
1537	-112.7	500
1538	-144.0	500
1539	-175.4	500
1540	-133.7	500
1541	-152.1	500
1542	-167.1	500
1543	-163.9	500
1544	-152.2	500
1545	-147.9	500
1546	-184.8	500
1547	-187.6	500
1548	-138.9	500
1549	-133.3	500
1550	-120.5	500
1551	-158.7	500
1552	-140.7	500
1553	-153.4	500
1554	-156.7	500
1555	-171.4	500
1556	-168.5	500
1557	-115.2	500
1558	-142.7	500
1559	-172.1	500
1560	-184.1	500
1561	-143.9	500
1562	-119.6	500
1563	-109.6	500
1564	-131.4	500
1565	-131.2	500
1566	-135.3	500
1567	-136.6	500
1568	-147.2	500
1569	-144.1	500
1570	-145.2	500
1571	-162.8	500
1572	-110.8	500
1573	-168.3	500
1574	-168.3	500
1575	-141.0	500
1576	-97.1	500
1577	-128.4	500
1578	-164.8	500
1579	-186.5	500
1580	-164.5	500
1581	-171.8	500
1582	-92.5	500
1583	-166.5	500
1584	-161.9	500
1585	-136.9	500
1586	-173.7	500
1587	-155.5	500
1588	-127.9	500
1589	-120.0	500
1590	-149.7	500
1591	-174.6	500
1592	-164.6	500
1593	-147.7	500
1594	-133.1	500
1595	-177.6	500
1596	-171.1	500
1597	-180.5	500
1598	-130.1	500
1599	-171.5	500
1600	-143.1	500
1601	-180.0	500
1602	-165.0	500
1603	-135.4	500
1604	-131.9	500
1605	-138.1	500
1606	-140.1	500
1607	-194.8	500
1608	-176.8	500
1609	-158.9	500
1610	-134.0	500
1611	-178.3	500
1612	-169.3	500
1613	-156.9	500
1614	-168.6	500
1615	-188.8	500
1616	-146.1	500
1617	-162.8	500
1618	-94.8	500
1619	-151.1	500
1620	-125.7	500
1621	-157.9	500
1622	-139.7	500
1623	-153.0	500
1624	-146.9	500
1625	-141.5	500
1626	-141.8	500
1627	-143.9	500
1628	-155.2	500
1629	-123.2	500
1630	-150.8	500
1631	-152.4	500
1632	-146.6	500
1633	-198.1	500
1634	-160.0	500
1635	-188.9	500
1636	-161.9	500
1637	-113.6	500
1638	-200.4	500
1639	-168.0	500
1640	-151.5	500
1641	-190.5	500
1642	-147.0	500
1643	-136.4	500
1644	-162.3	500
1645	-166.8	500
1646	-191.5	500
1647	-118.5	500
1648	-180.3	500
1649	-148.8	500
1650	-141.0	500
1651	-150.8	500
1652	-161.0	500
1653	-178.3	500
1654	-168.1	500
1655	-138.8	500
1656	-99.4	500
1657	-158.5	500
1658	-165.4	500
1659	-149.5	500
1660	-165.9	500
1661	-157.5	500
1662	-211.3	500
1663	-110.0	500
1664	-136.4	500
1665	-139.7	500
1666	-185.2	500
1667	-174.8	500
1668	-168.3	500
1669	-130.4	500
1670	-181.5	500
1671	-147.4	500
1672	-137.0	500
1673	-164.5	500
1674	-143.9	500
1675	-158.5	500
1676	-113.34	500
1677	-143.9	500
1678	-137.4	500
1679	-90.8	500
1680	-109.6	500
1681	-184.3	500
1682	-111.6	500
1683	-123.2	500
1684	-172.1	500
1685	-141.1	500
1686	-143.5	500
1687	-142.3	500
1688	-121.4	500
1689	-144.2	500
1690	-148.5	500
1691	-143.7	500
1692	-156.5	500
1693	-183.5	500
1694	-156.2	500
1695	-174.9	500
1696	-165.8	500
1697	-121.4	500
1698	-171.7	500
1699	-180.6	500
1700	-160.2	500
1701	-142.4	500
1702	-184.0	500
1703	-106.4	500
1704	-187.1	500
1705	-105.8	500
1706	-152.1	500
1707	-128.5	500
1708	-147.5	500
1709	-163.6	500
1710	-168.6	500
1711	-152.1	500
1712	-196.3	500
1713	-156.6	500
1714	-142.3	500
1715	-121.2	500
1716	-158.1	500
1717	-176.1	500
1718	-149.7	500
1719	-120.3	500
1720	-115.7	500
1721	-173.4	500
1722	-142.8	500
1723	-178.4	500
1724	-138.3	500
1725	-151.4	500
1726	-70.3	500
1727	-158.8	500
1728	-139.8	500
1729	-155.6	500
1730	-156.2	500
1731	-164.9	500
1732	-157.1	500
1733	-137.3	500
1734	-162.6	500
1735	-148.4	500
1736	-169.2	500
1737	-177.7	500
1738	-113.1	500
1739	-170.6	500
1740	-144.1	500
1741	-155.0	500
1742	-111.8	500
1743	-172.6	500
1744	-117.4	500
1745	-131.1	500
1746	-157.9	500
1747	-161.9	500
1748	-129.3	500
1749	-132.0	500
1750	-135.7	500
1751	-149.6	500
1752	-103.3	500
1753	-147.5	500
1754	-123.9	500
1755	-130.2	500
1756	-152.8	500
1757	-149.9	500
1758	-175.4	500
1759	-128.6	500
1760	-126.0	500
1761	-164.2	500
1762	-161.2	500
1763	-172.5	500
1764	-178.4	500
1765	-156.1	500
1766	-155.6	500
1767	-125.3	500
1768	-122.9	500
1769	-162.3	500
1770	-155.9	500
1771	-153.0	500
1772	-147.0	500
1773	-132.5	500
1774	-137.9	500
1775	-164.0	500
1776	-161.0	500
1777	-162.9	500
1778	-165.9	500
1779	-121.3	500
1780	-160.9	500
1781	-125.0	500
1782	-126.4	500
1783	-150.0	500
1784	-167.0	500
1785	-158.8	500
1786	-120.6	500
1787	-106.4	500
1788	-121.7	500
1789	-174.2	500
1790	-137.7	500
1791	-69.8	500
1792	-161.4	500
1793	-121.4	500
1794	-166.2	500
1795	-168.1	500
1796	-156.2	500
1797	-184.2	500
1798	-173.3	500
1799	-173.4	500
1800	-162.7	500
1801	-167.2	500
1802	-142.9	500
1803	-174.6	500
1804	-197.2	500
1805	-175.4	500
1806	-170.2	500
1807	-137.2	500
1808	-171.1	500
1809	-161.0	500
1810	-117.5	500
1811	-189.9	500
1812	-180.8	500
1813	-166.7	500
1814	-144.0	500
1815	-164.2	500
1816	-173.0	500
1817	-153.9	500
1818	-146.2	500
1819	-118.2	500
1820	-151.2	500
1821	-88.6	500
1822	-147.6	500
1823	-150.0	500
1824	-171.4	500
1825	-160.3	500
1826	-162.2	500
1827	-135.7	500
1828	-122.7	500
1829	-178.6	500
1830	-162.8	500
1831	-168.4	500
1832	-168.9	500
1833	-183.8	500
1834	-141.1	500
1835	-154.4	500
1836	-108.2	500
1837	-148.4	500
1838	-171.6	500
1839	-119.17	500
1840	-160.1	500
1841	-95.6	500
1842	-183.6	500
1843	-115.1	500
1844	-126.3	500
1845	-209.2	500
1846	-136.4	500
1847	-149.7	500
1848	-143.6	500
1849	-170.9	500
1850	-166.4	500
1851	-145.1	500
1852	-139.3	500
1853	-142.7	500
1854	-167.9	500
1855	-151.5	500
1856	-175.6	500
1857	-115.1	500
1858	-158.7	500
1859	-91.1	500
1860	-114.7	500
1861	-151.1	500
1862	-186.6	500
1863	-126.7	500
1864	-129.9	500
1865	-156.2	500
1866	-158.4	500
1867	-131.7	500
1868	-149.4	500
1869	-127.1	500
1870	-169.3	500
1871	-201.3	500
1872	-168.5	500
1873	-174.7	500
1874	-146.3	500
1875	-173.7	500
1876	-139.8	500
1877	-139.4	500
1878	-107.8	500
1879	-145.0	500
1880	-132.3	500
1881	-163.9	500
1882	-167.6	500
1883	-155.4	500
1884	-167.2	500
1885	-176.5	500
1886	-169.1	500
1887	-148.7	500
1888	-144.9	500
1889	-197.4	500
1890	-160.3	500
1891	-149.1	500
1892	-164.0	500
1893	-177.2	500
1894	-141.0	500
1895	-144.7	500
1896	-159.1	500
1897	-144.0	500
1898	-140.4	500
1899	-160.9	500
1900	-178.4	500
1901	-169.4	500
1902	-180.2	500
1903	-105.6	500
1904	-149.8	500
1905	-218.3	500
1906	-149.9	500
1907	-113.1	500
1908	-189.8	500
1909	-164.3	500
1910	-148.3	500
1911	-152.5	500
1912	-128.4	500
1913	-97.87	500
1914	-177.9	500
1915	-106.67	500
1916	-157.1	500
1917	-165.4	500
1918	-136.8	500
1919	-172.8	500
1920	-135.3	500
1921	-131.1	500
1922	-149.0	500
1923	-152.8	500
1924	-187.9	500
1925	-197.2	500
1926	-141.4	500
1927	-172.4	500
1928	-123.9	500
1929	-164.9	500
1930	-173.7	500
1931	-127.7	500
1932	-188.2	500
1933	-122.4	500
1934	-122.0	500
1935	-135.4	500
1936	-116.8	500
1937	-174.2	500
1938	-190.4	500
1939	-168.3	500
1940	-93.5	500
1941	-149.9	500
1942	-166.6	500
1943	-163.2	500
1944	-118.5	500
1945	-185.3	500
1946	-167.7	500
1947	-141.6	500
1948	-144.9	500
1949	-153.6	500
1950	-137.3	500
1951	-149.6	500
1952	-189.3	500
1953	-144.9	500
1954	-157.8	500
1955	-157.5	500
1956	-129.7	500
1957	-149.0	500
1958	-180.2	500
1959	-149.9	500
1960	-153.6	500
1961	-149.3	500
1962	-148.3	500
1963	-100.0	500
1964	-205.4	500
1965	-154.8	500
1966	-154.7	500
1967	-192.1	500
1968	-173.9	500
1969	-148.17	500
1970	-161.5	500
1971	-139.5	500
1972	-163.5	500
1973	-176.7	500
1974	-170.2	500
1975	-177.7	500
1976	-172.1	500
1977	-171.2	500
1978	-143.7	500
1979	-166.8	500
1980	-141.2	500
1981	-138.0	500
1982	-127.0	500
1983	-147.1	500
1984	-185.4	500
1985	-152.9	500
1986	-153.4	500
1987	-136.3	500
1988	-140.9	500
1989	-113.8	500
1990	-181.4	500
1991	-171.0	500
1992	-156.7	500
1993	-110.5	500
1994	-159.5	500
1995	-102.9	500
1996	-180.2	500
1997	-185.4	500
1998	-154.7	500
1999	-179.5	500
